--- Hash Table Y --- (double hash)
[0]
[1]	20	11111111	吳O泓	78.17
[2]	20	11111111	鄭O孟	67.17
[3]	20	11111111	謝O凱	88
[4]	20	11111111	郭O正	78.5
[5]	20	11111111	黃O泓	78.33
[6]
[7]
[8]	20	11111111	鄭O孟	67.17
[9]	20	11111111	謝O凱	88
[10]	20	11111111	郭O正	78.5
[11]	20	11111111	黃O泓	78.33
[12]	20	11111111	吳O泓	78.17
[13]
[14]
[15]
[16]	20	11111111	郭O正	78.5
[17]	20	11111111	黃O泓	78.33
[18]	20	11111111	吳O泓	78.17
[19]	20	11111111	鄭O孟	67.17
[20]	20	11111111	謝O凱	88
[21]
[22]
[23]	20	11111111	黃O泓	78.33
[24]	20	11111111	吳O泓	78.17
[25]	20	11111111	鄭O孟	67.17
[26]	20	11111111	謝O凱	88
[27]	20	11111111	郭O正	78.5
[28]
