--- Hash Table X --- (linear probing)
[0]	20	11111111	鄭O孟	67.17
[1]	20	11111111	謝O凱	88
[2]	20	11111111	郭O正	78.5
[3]	20	11111111	黃O泓	78.33
[4]	20	11111111	吳O泓	78.17
[5]	20	11111111	鄭O孟	67.17
[6]	20	11111111	謝O凱	88
[7]	20	11111111	郭O正	78.5
[8]	20	11111111	黃O泓	78.33
[9]	20	11111111	吳O泓	78.17
[10]	20	11111111	鄭O孟	67.17
[11]
[12]
[13]
[14]
[15]
[16]
[17]
[18]
[19]
[20]	20	11111111	謝O凱	88
[21]	20	11111111	郭O正	78.5
[22]	20	11111111	黃O泓	78.33
[23]	20	11111111	吳O泓	78.17
[24]	20	11111111	鄭O孟	67.17
[25]	20	11111111	謝O凱	88
[26]	20	11111111	郭O正	78.5
[27]	20	11111111	黃O泓	78.33
[28]	20	11111111	吳O泓	78.17
